
# random generated map by random_map.py



# 1
cell_types = {0: 1, 1: -4, 2: -3, 3: 2, 4: 0, 5: 0, 6: 1, 7: 9, 8: 1, 9: 9, 10: -1, 11: 0, 12: -2, 13: 9, 14: -1, 15: 1, 16: 9, 17: 2, 18: -1, 19: 9, 20: -4, 21: 9, 22: -4, 23: 9, 24: 9, 25: -3, 26: 2, 27: 2, 28: 0, 29: 1, 30: -3, 31: -2, 32: -4, 33: -4, 34: 9, 35: 1, 36: -1, 37: -2, 38: -1, 39: 2, 40: 9, 41: 0, 42: -4, 43: -4, 44: -2, 45: -1, 46: 2, 47: -2, 48: 2, 49: 1, 50: 1, 51: -1, 52: -4, 53: 0, 54: 9, 55: 
9, 56: 0, 57: -2, 58: -2, 59: -4}

state_space = [[0, 8], [0, 45], [0, 17], [1, 3], [1, 0], [2, 24], [2, 56], [2, 27], [2, 26], [2, 50], [2, 8], [3, 33], [3, 49], [3, 34], [4, 31], [4, 56], [4, 26], [5, 34], [5, 21], [5, 22], [5, 11], [6, 58], [6, 43], [6, 7], [6, 41], [7, 0], [7, 38], [7, 43], [8, 13], [8, 31], [8, 12], [8, 1], [9, 18], [9, 54], [9, 38], [10, 5], [10, 56], [11, 53], [11, 4], [11, 34], [11, 58], [12, 30], [12, 16], [12, 7], [12, 47], [13, 47], [13, 35], [14, 45], [14, 0], [15, 21], [15, 54], [15, 18], [15, 41], [15, 14], [16, 4], [16, 44], [17, 57], [17, 37], [17, 9], [18, 21], [18, 39], [18, 40], [19, 23], [19, 36], [20, 3], [20, 44], [20, 17], [20, 22], [21, 56], [21, 43], [22, 32], [22, 3], [22, 27], [22, 39], [23, 25], [23, 15], [23, 57], [23, 50], [23, 14], [24, 11], [24, 30], [25, 53], [25, 38], [25, 35], [25, 9], [25, 46], [26, 1], [26, 21], [27, 30], [27, 52], [27, 36], [27, 38], [28, 14], [28, 19], [29, 13], [29, 18], [30, 31], [30, 28], [31, 37], [31, 39], [31, 10], [32, 55], [32, 52], [32, 14], [32, 44], [33, 13], [33, 40], [33, 52], [33, 20], [33, 48], [34, 38], [34, 58], [35, 53], [35, 36], [36, 41], [36, 4], [36, 58], [37, 34], [37, 39], [37, 55], [37, 50], [38, 51], [39, 51], [39, 35], [40, 58], [40, 16], [41, 35], [41, 47], [42, 20], [42, 19], [42, 58], [42, 30], [42, 48], [42, 54], [43, 54], [43, 12], [43, 45], [44, 40], [44, 28], [45, 19], [45, 59], [45, 57], [46, 1], [46, 59], [46, 53], [46, 49], [46, 29], [47, 5], [47, 59], [47, 51], [48, 55], [48, 49], [48, 51], [48, 41], [49, 59], [49, 26], [49, 32], [50, 52], [50, 19], [50, 13], [51, 29], [51, 1], [52, 10], [52, 9], [53, 7], [53, 24], [54, 16], [54, 57], [55, 17], [55, 40], [56, 26], [56, 57], [57, 44], [59, 28], [59, 29]]

TREASURES = {24, 7, 23}



# 2

cell_types = {0: 2, 1: 1, 2: -4, 3: -4, 4: 0, 5: -2, 6: -3, 7: 2, 8: -4, 9: 9, 10: 9, 11: 0, 12: 9, 13: 0, 14: 0, 15: 1, 16: 1, 17: -3, 18: -1, 19: 0, 20: 9, 21: -1, 22: -1, 23: 9, 24: 1, 25: 9, 26: 0, 27: 0, 28: -4, 29: -1, 30: -1, 31: -1, 32: 0, 33: 1, 34: 2, 35: 1, 36: -4, 37: -4, 38: 1, 39: -3, 40: 9, 41: 0, 42: -4, 43: 9, 44: 9, 45: -2, 46: -3, 47: 1, 48: -3, 49: 0, 50: -4, 51: 9, 52: 0, 53: 1, 54: -1, 55: -4, 56: 1, 57: -4, 58: 9, 59: -1}

state_space = [[0, 30], [0, 54], [1, 58], [1, 18], [1, 41], [1, 31], [2, 48], [2, 20], [2, 46], [3, 28], [3, 6], [3, 8], [4, 52], [4, 58], [5, 21], [5, 41], [5, 33], [6, 21], [6, 24], [6, 2], [7, 32], [7, 27], [7, 35], [8, 25], [8, 40], [8, 37], [8, 58], [8, 12], [9, 39], [9, 30], [9, 20], [10, 35], [10, 22], [11, 2], [11, 34], [11, 56], [11, 4], [11, 5], [12, 7], [12, 26], [12, 54], [13, 43], [13, 3], [14, 9], [14, 4], [14, 59], [14, 35], [14, 55], [15, 50], [15, 30], [15, 7], [15, 2], [15, 20], [15, 56], [16, 14], [16, 56], [16, 18], [16, 35], [16, 50], [16, 32], [17, 53], [17, 40], [18, 46], [18, 31], [19, 35], [19, 54], [20, 41], [20, 46], [21, 24], [21, 59], [21, 48], [21, 39], [22, 27], [22, 43], [22, 44], [23, 53], [23, 36], [23, 17], [23, 11], [24, 1], [24, 23], [25, 44], [25, 30], [25, 5], [25, 52], [25, 45], [26, 39], [26, 4], [26, 40], [26, 27], [26, 6], [27, 53], [27, 52], [28, 48], [28, 46], [29, 0], [29, 41], [29, 48], [29, 54], [29, 18], [30, 22], [30, 20], [31, 5], [31, 10], [32, 46], [32, 51], [32, 23], [32, 24], [33, 59], [33, 31], [34, 52], [34, 39], [35, 47], [36, 48], [36, 31], [36, 45], [36, 28], [37, 18], [37, 13], [37, 42], [38, 45], [38, 6], [38, 1], [38, 27], [38, 28], [39, 47], [39, 59], [40, 34], [40, 19], [41, 19], [41, 28], [42, 24], [42, 43], [42, 50], [42, 52], [42, 29], [43, 17], [43, 52], [44, 12], [44, 47], [44, 53], [44, 36], [45, 58], [45, 55], [46, 3], [47, 40], [47, 33], [48, 3], [49, 55], [49, 17], [49, 34], [49, 50], [49, 13], [49, 7], [50, 43], [50, 51], [51, 47], [51, 38], [51, 19], [51, 56], [53, 57], [53, 59], [54, 4], [54, 13], [55, 9], [55, 22], [55, 10], [56, 9], [56, 12], [57, 34], [57, 0], [57, 59], [58, 10], [58, 33]]

TREASURES = {9, 10, 51}



# 3
cell_types = {0: 2, 1: 0, 2: -1, 3: 1, 4: 1, 5: 9, 6: 0, 7: 1, 8: 9, 9: 1, 10: 9, 11: 0, 12: -4, 13: -2, 14: -2, 15: -3, 16: -1, 17: 9, 18: -3, 19: 9, 20: 2, 21: -3, 22: 1, 23: 9, 24: -4, 25: -3, 26: -3, 27: 
1, 28: 0, 29: -1, 30: 1, 31: 1, 32: 0, 33: 9, 34: -1, 35: 0, 36: -4, 37: -2, 38: 2, 39: -2, 40: -2, 41: 9, 42: 9, 43: -2, 44: -4, 45: 0, 46: 9, 47: -3, 48: 2, 49: 0, 50: -1, 51: 1, 52: 9, 53: 9, 54: 1, 55: -3, 56: -1, 57: 9, 58: 2, 59: -2}

state_space = [[0, 45], [0, 47], [0, 22], [0, 39], [1, 18], [1, 37], [1, 43], [2, 27], [2, 5], [2, 24], [2, 37], [2, 30], [3, 38], [3, 42], [3, 14], [3, 6], [3, 17], [4, 13], [4, 12], [4, 45], [4, 30], [4, 50], [5, 30], [5, 4], [5, 40], [6, 8], [6, 41], [6, 11], [7, 49], [7, 34], [8, 21], [8, 22], [8, 57], [8, 13], [9, 26], [9, 41], [9, 18], [10, 5], [10, 44], [10, 12], [10, 21], [10, 27], [10, 18], [11, 17], [11, 44], [11, 54], [12, 56], [12, 18], [12, 20], [12, 52], [13, 23], [13, 22], [13, 52], [13, 24], [14, 42], [14, 15], [14, 25], [14, 37], [14, 5], [15, 47], [15, 20], [16, 28], [16, 15], [16, 36], [17, 50], [17, 31], [17, 7], [18, 52], [18, 58], [19, 35], [19, 58], [19, 34], [19, 6], [20, 0], [20, 43], [20, 30], [21, 30], [21, 29], [21, 9], [21, 38], [22, 39], [22, 32], [23, 22], [23, 50], [24, 6], [24, 56], [25, 
40], [25, 55], [25, 43], [26, 19], [26, 39], [26, 53], [27, 40], [27, 57], [27, 36], [28, 57], [28, 48], [28, 26], [29, 39], [29, 31], [30, 47], [31, 50], [31, 9], [31, 43], [32, 26], [32, 25], [32, 41], [32, 15], [32, 53], [33, 46], [33, 44], [33, 40], [33, 39], [33, 50], [33, 35], [34, 39], [34, 41], [34, 40], [35, 38], [35, 50], [36, 57], [36, 41], [36, 46], [36, 3], [37, 58], [37, 57], [37, 40], [38, 2], [38, 55], [38, 44], [41, 43], [42, 29], [42, 7], [42, 35], [42, 27], [43, 46], [44, 8], [44, 49], [45, 29], [45, 28], [46, 57], [46, 47], [47, 1], [47, 20], [48, 46], [48, 34], [48, 29], [49, 0], [49, 19], [51, 59], [51, 17], [51, 54], [51, 7], [51, 1], [52, 55], [52, 31], [52, 48], [53, 1], [53, 55], [53, 35], [53, 15], [54, 9], [54, 24], [54, 7], [54, 59], [55, 51], [55, 45], [56, 48], [56, 45], [58, 25], [58, 11], [59, 28], [59, 11]]

TREASURES = {17, 19, 53}




